working dir: /data1/liuxu/lx_190/MDBSM/Output/
Train: [0/300][0/1169]	eta 1:40:22 lr 0.000000000	time 5.1521 (5.1521)	tot_loss 0.4878 (0.4878)	mem 19943MB
Train: [0/300][50/1169]	eta 0:20:16 lr 0.000000016	time 1.0069 (1.0871)	tot_loss 0.4920 (0.4923)	mem 20424MB
